   43903228                               
  900059238                               
   80288196                               
  800151988                               
   98523294                               
  900046044                               
  890900168                               
  711702880                               
   70074530                               
   98561014                               
  890900608                               
   94251904                               
  890912221                               
  890904478                               
  890900250                               
  811030871                               
  900083729                               
  900020094                               
  811009895                               
  900046881                               
   71587400                               
   98541601                               
  811045607                               
  811035751                               
  890903939                               
   32230582                               
   71370479                               
   43037682                               
  890916575                               
   71775828                               
  900259734                               
  811006789                               
   42754478                               
  890928257                               
  900213759                               
  800011002                               
  890925241                               
    3472533                               
